000014 5
000038 5
000038 6
000174 6
000420 4
000420 6
020176 4
040782 4
050003 6
050005 5
050044 5
050596 5
050601 5
060230 5
061196 5
090022 3
090034 3
090275 4
100206 3
110034 3
110405 4
110425 3
110484 3
110536 3
110721 5
120031 3
120215 5
120228 5
120369 3
120419 5
130308 3
130862 4
130945 3
131015 5
131089 3
140357 5
150582 3
160039 3
160042 5
160214 3
180279 6
180313 6
180561 6
190209 4
190237 3
190340 6
300140 5
310260 4
310359 6
320099 6
330083 4
330128 6
330143 6
330146 4
330232 3
340169 6
340334 5
350027 5
350047 6
350076 6
350192 5
350606 4
360112 3
360139 4
360140 4
360156 3
360359 6
370330 3
370367 6
370519 4
370589 6
380244 6
380279 6
380318 4
380378 4
390264 5
390712 6
420159 5
420248 4
440285 6
450266 4
460004 4
470008 3
470015 5
480845 5
490025 5
500004 6
510082 4
510266 5
530219 6
560054 3
560087 5
570022 4
570096 3
580098 6
580275 5
