420248 4
090034 3
380378 4
000420 4
000420 6
190340 6
190209 4
330143 6
180561 6
050044 5
440285 6
050003 6
040782 4
110034 3
130308 3
350606 4
350192 5
110425 3
470008 3
000174 6
160042 5
500004 6
060230 5
510082 4
140357 5
000014 5
360140 4
390712 6
000038 5
000038 6
340334 5
460004 4
300140 5
130945 3
020176 4
510266 5
180313 6
160039 3
330128 6
470015 5
360112 3
310359 6
131089 3
150582 3
320099 6
490025 5
330232 3
480845 5
130862 4
330146 4
050596 5
370589 6
350027 5
560087 5
110405 4
160214 3
360359 6
110536 3
570096 3
580098 6
120419 5
380244 6
190237 3
110484 3
050601 5
570022 4
390264 5
340169 6
360139 4
450266 4
530219 6
350076 6
370330 3
350047 6
120031 3
310260 4
180279 6
580275 5
420159 5
061196 5
370367 6
380279 6
370519 4
110721 5
131015 5
330083 4
090275 4
380318 4
360156 3
120215 5
120369 3
560054 3
120228 5
090022 3
100206 3
050005 5
